Topic ID,Average Similarity,Max Similarity,Min Similarity
0,0.11961255,0.24324563,0.03068145
1,0.25728455,0.700311,-0.00581515
2,0.5497894,0.6644409,0.24206899
3,0.087782994,0.18511423,-0.04135416
4,0.21207705,0.35992092,0.033144712
5,0.058711044,0.17262359,-0.07639023
6,0.634105,0.7505114,0.2360388
7,0.0909986,0.1973723,-0.060355738
8,0.058853757,0.15894848,-0.03610751
9,0.5891893,0.6946361,0.1663188
10,0.5944738,0.7044028,0.4721427
11,0.13472633,0.29387274,0.060238134
12,0.06663736,0.26286018,-0.055221517
13,0.20516223,0.29627815,0.10167161
14,0.15658812,0.44862732,-0.009723165
15,0.29581454,0.4262994,0.072343715
16,0.3130449,0.5558225,0.09970836
17,0.15159437,0.29021066,1.7598271e-05
18,0.070426926,0.19072066,-0.023479361
19,0.09713225,0.24140494,-0.07988674
20,0.16814566,0.25006968,0.06362163
21,0.17850254,0.2745515,0.086529925
22,0.5836397,0.7233287,0.386523
23,0.11162637,0.18185323,0.013948749
24,0.16707534,0.25604236,0.11234681
25,0.041464545,0.11428122,-0.027138054
26,0.15473124,0.28744754,0.07121657
27,0.3597286,0.40038952,0.24045649
28,0.24724378,0.30877933,0.11643505
29,0.0155152,0.09585645,-0.070014305
30,0.18825269,0.26838046,0.07026369
31,0.17022529,0.33419764,0.03419313
32,0.18306638,0.27831393,0.12321009
33,0.17795807,0.24321613,0.0891515
34,0.046277236,0.14642967,-0.017843068
35,0.19823891,0.28932416,0.016906189
36,0.19502033,0.3184879,0.020012576
37,0.09590455,0.16885656,0.038875047
38,0.2366833,0.36809164,0.11662888
39,0.122578315,0.21414104,0.046229266
40,0.0891744,0.2991671,-0.010749156
41,0.25415817,0.32250708,0.122955516
42,0.1512138,0.34892896,0.03751964
43,0.12653391,0.24346805,0.057626873
44,0.19142751,0.35262054,0.12655875
45,0.089230604,0.20985198,-0.004597473
46,0.16796683,0.24914739,0.014344452
47,0.2734916,0.34840435,0.12125058
48,0.23186786,0.32989788,0.11025901
49,0.16608733,0.25959873,0.11250035
50,0.13648114,0.40658373,0.06157753
51,0.18101563,0.26087913,0.049956627
52,0.17230693,0.4429276,0.049640745
53,0.08514676,0.15052299,-0.0386536
54,0.108145595,0.16904321,0.052729763
55,0.29204223,0.37275213,0.21797118
56,0.18732063,0.33714625,0.046923764
57,0.14852539,0.22826928,0.05871573
58,0.24936362,0.49670857,0.12173396
59,0.23013459,0.4507528,0.07716491
60,0.14351732,0.31525046,0.016651794
61,0.2136666,0.27779454,0.15652435
62,0.1679238,0.21680093,0.102554515
