Topic ID,Average Similarity,Max Similarity,Min Similarity
0,0.59850055,0.7873244,-0.026491813
1,0.071258225,0.2048488,-0.050159067
2,0.2979823,0.60058874,-0.0045007095
3,0.26543954,0.652576,-0.0063036596
4,0.61594063,0.89290756,0.1797393
5,0.15354209,0.5319674,-0.05922491
6,0.06582864,0.23188712,-0.057725538
7,0.6560886,0.85461974,0.1402407
8,0.29107776,0.7232468,0.04633362
9,0.23101468,0.39595616,0.021485748
10,0.23002511,0.38309252,0.074739926
11,0.34865576,0.7355672,-0.054297138
12,0.41366205,0.4630985,0.29373285
