Topic ID,Average Similarity,Max Similarity,Min Similarity
0,0.09082002,0.2432456,-0.050159067
1,0.061207015,0.2318871,-0.057725538
2,0.17169344,0.3244334,0.06152258
3,0.11495503,0.2778792,-0.08865447
4,0.15311666,0.29139146,0.023630232
5,0.18118954,0.51078045,0.03720974
6,0.19992745,0.40715998,0.04112477
7,0.13565476,0.19518074,-0.0076316046
8,0.17491017,0.32831472,0.04563563
9,0.19641598,0.3858952,0.018985365
10,0.16989507,0.32927403,0.03741544
11,0.19227955,0.39087188,-0.05543088
12,0.05544049,0.20722428,-0.00500576
13,0.054005098,0.16051072,-0.06401496
14,-0.0072841966,0.14423683,-0.068240315
15,0.1329309,0.29832757,0.032117605
16,0.15066223,0.23522589,0.060767703
17,0.22283633,0.3669358,0.081484005
18,0.094630875,0.1747155,0.0130811315
19,0.10320387,0.1462858,0.048870545
20,0.12088069,0.21753094,0.0396374
21,0.117624946,0.29874972,-0.0009728847
22,0.11926333,0.3000802,0.03199942
23,0.52003235,0.6762192,0.18126225
24,0.10779579,0.19997855,0.029422818
25,0.1420639,0.36691785,0.0415148
26,0.0657465,0.15318245,-0.012384303
27,0.14651884,0.16565894,0.08698662
28,0.15104997,0.20570448,-0.012027493
29,0.21460088,0.23740909,0.10926722
30,0.12161611,0.2495133,0.025052454
31,0.14786524,0.28852683,0.06569476
32,0.23817548,0.43595764,0.17638174
33,0.16023345,0.35458666,0.09617558
34,0.24135356,0.41158134,0.16491279
35,0.017839171,0.11691572,-0.11395956
36,0.06837345,0.21165064,-0.05923648
37,0.122399844,0.3215546,0.030307613
38,0.14865276,0.21559662,0.030282488
39,0.16638017,0.26549444,0.088329345
40,0.14884365,0.19863583,0.085743174
41,0.12822187,0.22965212,0.009408532
42,0.18624686,0.29847664,0.062858164
43,0.15091294,0.19859426,0.08686969
44,0.15525725,0.26796785,-0.041368313
45,0.12182522,0.23116444,0.060699716
46,0.24075814,0.29541433,0.15439641
47,0.13449016,0.25923526,0.03353708
